01111011
00100111
01100001
00100111
00111010
00100000
00100111
01110111
00100111
00101100
00100000
00100111
01100010
00100111
00111010
00100000
00100111
01001111
00100111
00101100
00100000
00100111
01100011
00100111
00111010
00100000
00100111
01110101
00100111
00101100
00100000
00100111
01100100
00100111
00111010
00100000
00100111
00100110
00100111
00101100
00100000
00100111
01100101
00100111
00111010
00100000
00100111
00101000
00100111
00101100
00100000
00100111
01100110
00100111
00111010
00100000
00100111
00110001
00100111
00101100
00100000
00100111
01100111
00100111
00111010
00100000
00100111
01010101
00100111
00101100
00100000
00100111
01101000
00100111
00111010
00100000
00100111
01011001
00100111
00101100
00100000
00100111
01101001
00100111
00111010
00100000
00100111
01000011
00100111
00101100
00100000
00100111
01101010
00100111
00111010
00100000
00100111
00101111
00100111
00101100
00100000
00100111
01101011
00100111
00111010
00100000
00100111
01101101
00100111
00101100
00100000
00100111
01101100
00100111
00111010
00100000
00100111
01101111
00100111
00101100
00100000
00100111
01101101
00100111
00111010
00100000
00100111
00110000
00100111
00101100
00100000
00100111
01101110
00100111
00111010
00100000
00100111
01010001
00100111
00101100
00100000
00100111
01101111
00100111
00111010
00100000
00100111
01101001
00100111
00101100
00100000
00100111
01110000
00100111
00111010
00100000
00100111
01100110
00100111
00101100
00100000
00100111
01110001
00100111
00111010
00100000
00100111
00111110
00100111
00101100
00100000
00100111
01110010
00100111
00111010
00100000
00100111
00100001
00100111
00101100
00100000
00100111
01110011
00100111
00111010
00100000
00100111
00110011
00100111
00101100
00100000
00100111
01110100
00100111
00111010
00100000
00100111
01010110
00100111
00101100
00100000
00100111
01110101
00100111
00111010
00100000
00100111
00110100
00100111
00101100
00100000
00100111
01110110
00100111
00111010
00100000
00100111
01011000
00100111
00101100
00100000
00100111
01110111
00100111
00111010
00100000
00100111
01111110
00100111
00101100
00100000
00100111
01111000
00100111
00111010
00100000
00100111
00110110
00100111
00101100
00100000
00100111
01111001
00100111
00111010
00100000
00100111
00110111
00100111
00101100
00100000
00100111
01111010
00100111
00111010
00100000
00100111
00111000
00100111
00101100
00100000
00100111
01000001
00100111
00111010
00100000
00100111
00111010
00100111
00101100
00100000
00100111
01000010
00100111
00111010
00100000
00100111
01111001
00100111
00101100
00100000
00100111
01000011
00100111
00111010
00100000
00100111
01000111
00100111
00101100
00100000
00100111
01000100
00100111
00111010
00100000
00100111
01101100
00100111
00101100
00100000
00100111
01000101
00100111
00111010
00100000
00100111
00111011
00100111
00101100
00100000
00100111
01000110
00100111
00111010
00100000
00100111
00101110
00100111
00101100
00100000
00100111
01000111
00100111
00111010
00100000
00100111
01111000
00100111
00101100
00100000
00100111
01001000
00100111
00111010
00100000
00100111
01100101
00100111
00101100
00100000
00100111
01001001
00100111
00111010
00100000
00100111
01011101
00100111
00101100
00100000
00100111
01001010
00100111
00111010
00100000
00100111
01110110
00100111
00101100
00100000
00100111
01001011
00100111
00111010
00100000
00100111
01100010
00100111
00101100
00100000
00100111
01001100
00100111
00111010
00100000
00100111
00101101
00100111
00101100
00100000
00100111
01001101
00100111
00111010
00100000
00100111
00101011
00100111
00101100
00100000
00100111
01001110
00100111
00111010
00100000
00100111
00110101
00100111
00101100
00100000
00100111
01001111
00100111
00111010
00100000
00100111
01010100
00100111
00101100
00100000
00100111
01010000
00100111
00111010
00100000
00100111
00110010
00100111
00101100
00100000
00100111
01010001
00100111
00111010
00100000
00100111
00100010
00100111
00101100
00100000
00100111
01010010
00100111
00111010
00100000
00100111
00101100
00100111
00101100
00100000
00100111
01010011
00100111
00111010
00100000
00100111
01011011
00100111
00101100
00100000
00100111
01010100
00100111
00111010
00100000
00100111
01111101
00100111
00101100
00100000
00100111
01010101
00100111
00111010
00100000
00100111
01101010
00100111
00101100
00100000
00100111
01010110
00100111
00111010
00100000
00100111
00100011
00100111
00101100
00100000
00100111
01010111
00100111
00111010
00100000
00100111
00111001
00100111
00101100
00100000
00100111
01011000
00100111
00111010
00100000
00100111
01000001
00100111
00101100
00100000
00100111
01011001
00100111
00111010
00100000
00100111
01001000
00100111
00101100
00100000
00100111
01011010
00100111
00111010
00100000
00100111
01101011
00100111
00101100
00100000
00100111
00110000
00100111
00111010
00100000
00100111
01101000
00100111
00101100
00100000
00100111
00110001
00100111
00111010
00100000
00100111
01000101
00100111
00101100
00100000
00100111
00110010
00100111
00111010
00100000
00100111
01000010
00100111
00101100
00100000
00100111
00110011
00100111
00111010
00100000
00100111
01011110
00100111
00101100
00100000
00100111
00110100
00100111
00111010
00100000
00100111
01100111
00100111
00101100
00100000
00100111
00110101
00100111
00111010
00100000
00100111
00100101
00100111
00101100
00100000
00100111
00110110
00100111
00111010
00100000
00100010
00100111
00100010
00101100
00100000
00100111
00110111
00100111
00111010
00100000
00100111
01111010
00100111
00101100
00100000
00100111
00111000
00100111
00111010
00100000
00100111
00111100
00100111
00101100
00100000
00100111
00111001
00100111
00111010
00100000
00100111
01011100
01011100
00100111
00101100
00100000
00100111
00100001
00100111
00111010
00100000
00100111
00111111
00100111
00101100
00100000
00100111
01000000
00100111
00111010
00100000
00100111
01001011
00100111
00101100
00100000
00100111
00100011
00100111
00111010
00100000
00100111
01011010
00100111
00101100
00100000
00100111
00100100
00100111
00111010
00100000
00100111
00101001
00100111
00101100
00100000
00100111
00100101
00100111
00111010
00100000
00100111
01001110
00100111
00101100
00100000
00100111
01011110
00100111
00111010
00100000
00100111
01010111
00100111
00101100
00100000
00100111
00100110
00100111
00111010
00100000
00100111
01100001
00100111
00101100
00100000
00100111
00101010
00100111
00111010
00100000
00100111
01001010
00100111
00101100
00100000
00100111
00101000
00100111
00111010
00100000
00100111
01010011
00100111
00101100
00100000
00100111
00101001
00100111
00111010
00100000
00100111
01000000
00100111
00101100
00100000
00100111
01011111
00100111
00111010
00100000
00100111
01110011
00100111
00101100
00100000
00100111
00101011
00100111
00111010
00100000
00100111
01110100
00100111
00101100
00100000
00100111
00101101
00100111
00111010
00100000
00100111
01001100
00100111
00101100
00100000
00100111
00101111
00100111
00111010
00100000
00100111
01001001
00100111
00101100
00100000
00100111
01111101
00100111
00111010
00100000
00100111
00100100
00100111
00101100
00100000
00100111
01011011
00100111
00111010
00100000
00100111
01100100
00100111
00101100
00100000
00100111
01011101
00100111
00111010
00100000
00100111
01100000
00100111
00101100
00100000
00100111
01111100
00100111
00111010
00100000
00100111
01101110
00100111
00101100
00100000
00100111
01011100
01011100
00100111
00111010
00100000
00100111
00101010
00100111
00101100
00100000
00100111
01111110
00100111
00111010
00100000
00100111
01110010
00100111
00101100
00100000
00100111
01100000
00100111
00111010
00100000
00100111
01011111
00100111
00101100
00100000
00100111
00101110
00100111
00111010
00100000
00100111
01001101
00100111
00101100
00100000
00100111
00101100
00100111
00111010
00100000
00100111
01100011
00100111
00101100
00100000
00100111
00111010
00100111
00111010
00100000
00100111
01111100
00100111
00101100
00100000
00100111
00111011
00100111
00111010
00100000
00100111
01110001
00100111
00101100
00100000
00100111
00100010
00100111
00111010
00100000
00100111
01000100
00100111
00101100
00100000
00100010
00100111
00100010
00111010
00100000
00100111
01010000
00100111
00101100
00100000
00100111
00111100
00100111
00111010
00100000
00100111
01110000
00100111
00101100
00100000
00100111
00111110
00100111
00111010
00100000
00100111
01010010
00100111
00101100
00100000
00100111
00111111
00100111
00111010
00100000
00100111
01000110
00100111
01111101
