01111011
01000100
01011011
01001100
01101000
01000101
01000100
01111100
00100000
01111011
01000100
01101111
01000011
01011000
00101000
01000100
01111100
00100000
01000010
01100011
00100000
01000100
01011001
00101000
01110111
01101111
01010110
01011001
01000100
01111100
00100000
01100100
01000010
01101000
01101000
01100011
00100000
01000010
01000010
01101000
01100011
00100000
01000010
00100101
01101000
01100011
00100000
01011110
01101000
01101000
01100011
00100000
01100111
01101000
01101000
01100000
01100011
00100000
01000100
00110011
01011001
01000011
00101000
01101111
00100110
01110011
00100110
01000100
01111100
00100000
01100100
01000010
01100011
00100000
01011110
01100011
00100000
01100111
01100011
00100000
00100101
01100011
00100000
00100111
01100000
01100011
00100000
01000100
00100110
01110111
00110000
01110111
01010101
00101000
01110011
00110000
01000100
01111100
00100000
01100100
01000101
01100011
00100000
01000101
01001101
01101000
00100101
01100011
00100000
01000101
01001101
01000101
01100011
00100000
01000101
01001101
01000010
01100011
00100000
01000101
01001101
01011110
01011110
01100000
01100011
00100000
01000100
00100110
01110111
00110000
01110111
01010101
00101000
01000100
01111100
00100000
01100100
01000010
01101000
01100011
00100000
01011110
01101000
01100011
00100000
01100111
01101000
01100011
00100000
00100101
00100101
01100011
00100000
01111010
00100101
01100000
01100011
00100000
01000100
00100001
00101000
01010101
00101000
01010001
01000100
01111100
00100000
01100100
01101000
01001101
01101000
01101000
00100101
01100011
00100000
01101000
01001101
01101000
01000101
01100011
00100000
01101000
01001101
01101000
01000101
00100101
01100011
00100000
01101000
01001101
01101000
01000010
00100101
01100011
00100000
01101000
01001101
01101000
01011110
01100000
01100011
00100000
01000100
01110101
01101001
01101001
01101111
00100110
01101001
01111110
01010001
01000100
01111100
00100000
01100100
01101000
01001101
01000010
01100011
00100000
01101000
01001101
01000101
01011100
01100011
00100000
01101000
01001101
01000101
00111100
01100011
00100000
01101000
01001101
01000101
01111010
01100011
00100000
01101000
01001101
01000101
00100101
01100000
01100011
00100000
01000100
00110011
01100110
00101000
00101000
00100110
01000100
01111100
00100000
00100101
01100011
00100000
01000100
01001111
01101001
01101001
00110011
01010110
01000100
01111100
00100000
01111010
00100100
00100100
